2008183
2008184
2008185
2008186
2008187
2008188
2008189
2008190
2008191
2008192
2008193
2008194
2008195
2008196
2008197
2008198
2008199
2008200
2008201
2008202
2008203
2008204
2008205
2008206
2008207
2008208
2008209
2008210
2008211
2008212
2008213
2008214
2008215
2008216
2008217
2008218
2008219
2008220
2008221
2008222
2008223
2008224
2008225
2008226
2008227
2008228
2008229
2008230
2008231
2008232
2008233
2008234
2008235
2008236
2008237
2008238
2008239
2008240
2008241
2008242
2008243
2008244
2008245
2008246
2008247
2008248
2008249
2008250
2008251
2008252
2008253
2008254
2008255
2008256
2008257
2008258
2008259
2008260
2008261
2008262
2008263
2008264
2008265
2008266
2008267
2008268
2008269
2008270
2008271
2008272
2008273
2008274
