2008001
2008002
2008003
2008004
2008005
2008006
2008007
2008008
2008009
2008010
2008011
2008012
2008013
2008014
2008015
2008016
2008017
2008018
2008019
2008020
2008021
2008022
2008023
2008024
2008025
2008026
2008027
2008028
2008029
2008030
2008031
2008032
2008033
2008034
2008035
2008036
2008037
2008038
2008039
2008040
2008041
2008042
2008043
2008044
2008045
2008046
2008047
2008048
2008049
2008050
2008051
2008052
2008053
2008054
2008055
2008056
2008057
2008058
2008059
2008060
2008061
2008062
2008063
2008064
2008065
2008066
2008067
2008068
2008069
2008070
2008071
2008072
2008073
2008074
2008075
2008076
2008077
2008078
2008079
2008080
2008081
2008082
2008083
2008084
2008085
2008086
2008087
2008088
2008089
2008090
2008091
2008092
2008093
2008094
2008095
2008096
2008097
2008098
2008099
2008100
2008101
2008102
2008103
2008104
2008105
2008106
2008107
2008108
2008109
2008110
2008111
2008112
2008113
2008114
2008115
2008116
2008117
2008118
2008119
2008120
2008121
2008122
2008123
2008124
2008125
2008126
2008127
2008128
2008129
2008130
2008131
2008132
2008133
2008134
2008135
2008136
2008137
2008138
2008139
2008140
2008141
2008142
2008143
2008144
2008145
2008146
2008147
2008148
2008149
2008150
2008151
2008152
2008153
2008154
2008155
2008156
2008157
2008158
2008159
2008160
2008161
2008162
2008163
2008164
2008165
2008166
2008167
2008168
2008169
2008170
2008171
2008172
2008173
2008174
2008175
2008176
2008177
2008178
2008179
2008180
2008181
