2012001
2012002
2012003
2012004
2012005
2012006
2012007
2012008
2012009
2012010
2012011
2012012
2012013
2012014
2012015
2012016
2012017
2012018
2012019
2012020
2012021
2012022
2012023
2012024
2012025
2012026
2012027
2012028
2012029
2012030
2012031
2012032
2012033
2012034
2012035
2012036
2012037
2012038
2012039
2012040
2012041
2012042
2012043
2012044
2012045
2012046
2012047
2012048
2012049
2012050
2012051
2012052
2012053
2012054
2012055
2012056
2012057
2012058
2012059
2012060
2012061
2012062
2012063
2012064
2012065
2012066
2012067
2012068
2012069
2012070
2012071
2012072
2012073
2012074
2012075
2012076
2012077
2012078
2012079
2012080
2012081
2012082
2012083
2012084
2012085
2012086
2012087
2012088
2012089
2012090
2012091
2012092
2012093
2012094
2012095
2012096
2012097
2012098
2012099
2012100
2012101
2012102
2012103
2012104
2012105
2012106
2012107
2012108
2012109
2012110
2012111
2012112
2012113
2012114
2012115
2012116
2012117
2012118
2012119
2012120
2012121
2012122
2012123
2012124
2012125
2012126
2012127
2012128
2012129
2012130
2012131
2012132
2012133
2012134
2012135
2012136
2012137
2012138
2012139
2012140
2012141
2012142
2012143
2012144
2012145
2012146
2012147
2012148
2012149
2012150
2012151
2012152
2012153
2012154
2012155
2012156
2012157
2012158
2012159
2012160
2012161
2012162
2012163
2012164
2012165
2012166
2012167
2012168
2012169
2012170
2012171
2012172
2012173
2012174
2012175
2012176
2012177
2012178
2012179
2012180
2012181
2012182
2012183
2012184
2012185
2012186
2012187
2012188
2012189
2012190
2012191
2012192
2012193
2012194
2012195
2012196
2012197
2012198
2012199
2012200
2012201
2012202
2012203
2012204
2012205
2012206
2012207
2012208
2012209
2012210
2012211
2012212
2012213
2012214
2012215
2012216
2012217
2012218
2012219
2012220
2012221
2012222
2012223
2012224
2012225
2012226
2012227
2012228
2012229
2012230
2012231
2012232
2012233
2012234
2012235
2012236
2012237
2012238
2012239
2012240
2012241
2012242
2012243
2012244
2012245
2012246
2012247
2012248
2012249
2012250
2012251
2012252
2012253
2012254
2012255
2012256
2012257
2012258
2012259
2012260
2012261
2012262
2012263
2012264
2012265
2012266
2012267
2012268
2012269
2012270
2012271
2012272
2012273
2012274
2012275
2012276
2012277
2012278
2012279
2012280
2012281
2012282
2012283
2012284
2012285
2012286
2012287
2012288
2012289
2012290
2012291
2012292
2012293
2012294
2012295
2012296
2012297
2012298
2012299
2012300
2012301
2012302
2012303
2012304
2012305
2012306
2012307
2012308
2012309
2012310
2012311
2012312
2012313
2012314
2012315
2012316
2012317
2012318
2012319
2012320
2012321
2012322
2012323
2012324
2012325
2012326
2012327
2012328
2012329
2012330
2012331
2012332
2012333
2012334
2012335
2012336
2012337
2012338
2012339
2012340
2012341
2012342
2012343
2012344
2012345
2012346
2012347
2012348
2012349
2012350
2012351
2012352
2012353
2012354
2012355
2012356
2012357
2012358
2012359
2012360
2012361
2012362
2012363
2012364
2012365
2012366
