2008001
2008002
2008003
2008004
2008005
2008006
2008007
2008008
2008009
2008010
2008011
2008012
2008013
2008014
2008015
2008016
2008017
2008018
2008019
2008020
2008021
2008022
2008023
2008024
2008025
2008026
2008027
2008028
2008029
2008030
2008031
2008032
2008033
2008034
2008035
2008036
2008037
2008038
2008039
2008040
2008041
2008042
2008043
2008044
2008045
2008046
2008047
2008048
2008049
2008050
2008051
2008052
2008053
2008054
2008055
2008056
2008057
2008058
2008059
2008060
2008061
2008062
2008063
2008064
2008065
2008066
2008067
2008068
2008069
2008070
2008071
2008072
2008073
2008074
2008075
2008076
2008077
2008078
2008079
2008080
2008081
2008082
2008083
2008084
2008085
2008086
2008087
2008088
2008089
2008090
2008091
