2008001
2008002
2008003
2008004
2008005
2008006
2008007
2008008
2008009
2008010
2008011
2008012
2008013
2008014
2008015
2008016
2008017
2008018
2008019
2008020
2008021
2008022
2008023
2008024
2008025
2008026
2008027
2008028
2008029
2008030
2008031
2008032
2008033
2008034
2008035
2008036
2008037
2008038
2008039
2008040
2008041
2008042
2008043
2008044
2008045
2008046
2008047
2008048
2008049
2008050
2008051
2008052
2008053
2008054
2008055
2008056
2008057
2008058
2008059
2008060
2008061
2008062
2008063
2008064
2008065
2008066
2008067
2008068
2008069
2008070
2008071
2008072
2008073
2008074
2008075
2008076
2008077
2008078
2008079
2008080
2008081
2008082
2008083
2008084
2008085
2008086
2008087
2008088
2008089
2008090
2008091
2008092
2008093
2008094
2008095
2008096
2008097
2008098
2008099
2008100
2008101
2008102
2008103
2008104
2008105
2008106
2008107
2008108
2008109
2008110
2008111
2008112
2008113
2008114
2008115
2008116
2008117
2008118
2008119
2008120
2008121
2008122
2008123
2008124
2008125
2008126
2008127
2008128
2008129
2008130
2008131
2008132
2008133
2008134
2008135
2008136
2008137
2008138
2008139
2008140
2008141
2008142
2008143
2008144
2008145
2008146
2008147
2008148
2008149
2008150
2008151
2008152
2008153
2008154
2008155
2008156
2008157
2008158
2008159
2008160
2008161
2008162
2008163
2008164
2008165
2008166
2008167
2008168
2008169
2008170
2008171
2008172
2008173
2008174
2008175
2008176
2008177
2008178
2008179
2008180
2008181
2008182
2008183
2008184
2008185
2008186
2008187
2008188
2008189
2008190
2008191
2008192
2008193
2008194
2008195
2008196
2008197
2008198
2008199
2008200
2008201
2008202
2008203
2008204
2008205
2008206
2008207
2008208
2008209
2008210
2008211
2008212
2008213
2008214
2008215
2008216
2008217
2008218
2008219
2008220
2008221
2008222
2008223
2008224
2008225
2008226
2008227
2008228
2008229
2008230
2008231
2008232
2008233
2008234
2008235
2008236
2008237
2008238
2008239
2008240
2008241
2008242
2008243
2008244
2008245
2008246
2008247
2008248
2008249
2008250
2008251
2008252
2008253
2008254
2008255
2008256
2008257
2008258
2008259
2008260
2008261
2008262
2008263
2008264
2008265
2008266
2008267
2008268
2008269
2008270
2008271
2008272
2008273
2008274
2008275
2008276
2008277
2008278
2008279
2008280
2008281
2008282
2008283
2008284
2008285
2008286
2008287
2008288
2008289
2008290
2008291
2008292
2008293
2008294
2008295
2008296
2008297
2008298
2008299
2008300
2008301
2008302
2008303
2008304
2008305
2008306
2008307
2008308
2008309
2008310
2008311
2008312
2008313
2008314
2008315
2008316
2008317
2008318
2008319
2008320
2008321
2008322
2008323
2008324
2008325
2008326
2008327
2008328
2008329
2008330
2008331
2008332
2008333
2008334
2008335
2008336
2008337
2008338
2008339
2008340
2008341
2008342
2008343
2008344
2008345
2008346
2008347
2008348
2008349
2008350
2008351
2008352
2008353
2008354
2008355
2008356
2008357
2008358
2008359
2008360
2008361
2008362
2008363
2008364
2008365
2008366
